 3.30000000e+00  7.25017447e+04 
 3.30000000e+00  6.64171780e+04 
 3.30000000e+00  6.12607782e+04 
 3.30000000e+00  5.68384087e+04 
 3.30000000e+00  5.30056320e+04 
 3.30000000e+00  4.96530722e+04 
 3.30000000e+00  4.66965431e+04 
 3.30000000e+00  4.40702764e+04 
 3.30000000e+00  4.17221946e+04 
 3.30000000e+00  3.96105530e+04 
 3.30000000e+00  3.77015155e+04 
 3.30000000e+00  3.59673772e+04 
 3.30000000e+00  3.43852432e+04 
 3.30000000e+00  3.29360321e+04 
 3.30000000e+00  3.16037175e+04 
 3.30000000e+00  3.03747419e+04 
 3.30000000e+00  2.92375607e+04 
 3.30000000e+00  2.81822825e+04 
 3.30000000e+00  2.72003849e+04 
 3.30000000e+00  2.62844857e+04 
 3.30000000e+00  2.54377386e+04 
 3.30000000e+00  2.46462442e+04 
 3.30000000e+00  2.39024213e+04 
 3.30000000e+00  2.32020964e+04 
 3.30000000e+00  2.25415689e+04 
 3.30000000e+00  2.19175455e+04 
 3.30000000e+00  2.13270860e+04 
 3.30000000e+00  2.07675574e+04 
 3.30000000e+00  2.02365946e+04 
 3.30000000e+00  1.97320674e+04 
 3.30000000e+00  1.92520518e+04 
 3.30000000e+00  1.87948060e+04 
 3.30000000e+00  1.83587494e+04 
 3.30000000e+00  1.79424440e+04 
 3.30000000e+00  1.75445790e+04 
 3.30000000e+00  1.71639569e+04 
 3.30000000e+00  1.67994817e+04 
 3.30000000e+00  1.64501481e+04 
 3.30000000e+00  1.61150327e+04 
 3.30000000e+00  1.57932855e+04 
 3.30000000e+00  1.54841229e+04 
 3.30000000e+00  1.51868213e+04 
 3.30000000e+00  1.49007115e+04 
 3.30000000e+00  1.46251737e+04 
 3.30000000e+00  1.43596330e+04 
 3.30000000e+00  1.41035554e+04 
 3.30000000e+00  1.38564443e+04 
 3.30000000e+00  1.36178371e+04 
 3.30000000e+00  1.33873025e+04 
 3.30000000e+00  1.31644380e+04 
 3.30000000e+00  1.29488672e+04 
 3.30000000e+00  1.27402382e+04 
 3.30000000e+00  1.25382210e+04 
 3.30000000e+00  1.23425065e+04 
 3.30000000e+00  1.21528044e+04 
 3.30000000e+00  1.19688419e+04 
 3.30000000e+00  1.17903627e+04 
 3.30000000e+00  1.16171252e+04 
 3.30000000e+00  1.14489020e+04 
 3.30000000e+00  1.12854787e+04 
 3.30000000e+00  1.11266527e+04 
 3.30000000e+00  1.09722329e+04 
 3.30000000e+00  1.08220384e+04 
 3.30000000e+00  1.06758984e+04 
 3.30000000e+00  1.05336508e+04 
 3.30000000e+00  1.03951422e+04 
 3.30000000e+00  1.02602273e+04 
 3.30000000e+00  1.01287680e+04 
 3.30000000e+00  1.00006332e+04 
 3.30000000e+00  9.87569851e+03 
 3.30000000e+00  9.75384552e+03 
 3.30000000e+00  9.63496166e+03 
 3.30000000e+00  9.51893974e+03 
 3.30000000e+00  9.40567769e+03 
 3.30000000e+00  9.29507822e+03 
 3.30000000e+00  9.18704857e+03 
 3.30000000e+00  9.08150022e+03 
 3.30000000e+00  8.97834869e+03 
 3.30000000e+00  8.87751328e+03 
 3.30000000e+00  8.77891687e+03 
 3.30000000e+00  8.68248573e+03 
 3.30000000e+00  8.58814932e+03 
 3.30000000e+00  8.49584015e+03 
 3.30000000e+00  8.40549359e+03 
 3.30000000e+00  8.31704771e+03 
 3.30000000e+00  8.23044318e+03 
 3.30000000e+00  8.14562311e+03 
 3.30000000e+00  8.06253292e+03 
 3.30000000e+00  7.98112024e+03 
 3.30000000e+00  7.90133478e+03 
